 2005080206    0   0    0   -43.64  17.60  1003.7   31.2
 2005080206    6   0    0   -43.93  17.94  1005.4   26.8
 2005080206   12   0    0   -44.98  18.41  1006.1   30.8
 2005080206   18   0    0   -46.36  18.77  1005.2   30.8
 2005080206   24   0    0   -47.56  18.93  1003.9   33.4
 2005080206   30   0    0   -48.79  19.13  1001.8   34.1
 2005080206   36   0    0   -49.85  19.66  1001.6   42.5
 2005080206   42   0    0   -50.90  20.25   997.1   50.5
 2005080206   48   0    0   -52.21  20.69   991.6   52.2
 2005080206   54   0    0   -53.59  21.21   986.5   63.4
 2005080206   60   0    0   -54.99  21.74   979.8   69.7
 2005080206   66   0    0   -56.07  22.33   975.5   78.1
 2005080206   72   0    0   -57.41  22.96   969.8   86.7
 2005080206   78   0    0   -58.66  23.53   965.5   90.1
 2005080206   84   0    0   -59.89  24.06   961.2   94.1
 2005080206   90   0    0   -60.78  24.65   957.2   95.4
 2005080206   96   0    0   -61.76  25.20   954.9  100.2
 2005080206  102   0    0   -62.48  25.78   951.7   96.6
 2005080206  108   0    0   -63.09  26.45   949.7   99.9
 2005080206  114   0    0   -63.49  27.05   947.6   99.9
 2005080206  120   0    0   -63.78  27.64   946.4  102.1
