 2005080206    0   0    0   -43.64  17.60  1003.7   31.2
 2005080206    6   0    0   -44.09  17.98  1006.0   28.3
 2005080206   12   0    0   -45.42  18.46  1005.4   32.5
 2005080206   18   0    0   -46.61  18.73  1005.0   32.9
 2005080206   24   0    0   -47.76  18.90  1002.6   36.3
 2005080206   30   0    0   -48.83  19.11  1002.6   37.6
 2005080206   36   0    0   -50.11  19.68  1000.1   46.7
 2005080206   42   0    0   -51.11  20.33   995.3   56.9
 2005080206   48   0    0   -52.43  20.80   990.0   58.3
 2005080206   54   0    0   -53.84  21.27   985.4   65.5
 2005080206   60   0    0   -55.15  21.85   979.1   72.9
 2005080206   66   0    0   -56.25  22.44   974.9   81.5
 2005080206   72   0    0   -57.68  23.04   968.6   89.7
 2005080206   78   0    0   -58.93  23.60   964.5   93.7
 2005080206   84   0    0   -60.05  24.18   959.5   96.7
 2005080206   90   0    0   -60.98  24.75   956.8   99.2
 2005080206   96   0    0   -61.93  25.31   953.4  102.8
 2005080206  102   0    0   -62.60  25.87   951.3  101.1
 2005080206  108   0    0   -63.13  26.56   949.4  102.8
 2005080206  114   0    0   -63.51  27.08   947.0  106.3
 2005080206  120   0    0   -63.84  27.83   946.1  102.9
