 2005080406    0   0    0   -52.32  20.25   986.0   51.5
 2005080406    6   0    0   -53.58  20.74   986.2   60.0
 2005080406   12   0    0   -54.93  21.34   984.6   66.9
 2005080406   18   0    0   -56.42  21.84   981.6   67.8
 2005080406   24   0    0   -57.79  22.40   976.5   83.5
 2005080406   30   0    0   -59.15  22.89   972.7   89.2
 2005080406   36   0    0   -60.37  23.48   968.6   95.4
 2005080406   42   0    0   -61.35  23.98   965.4   95.3
 2005080406   48   0    0   -62.42  24.54   959.1   97.6
 2005080406   54   0    0   -63.33  25.10   952.8  102.5
 2005080406   60   0    0   -63.95  25.57   950.6   97.9
 2005080406   66   0    0   -64.46  26.05   948.4  105.0
 2005080406   72   0    0   -65.02  26.38   949.2  100.8
 2005080406   78   0    0   -65.57  26.80   949.1  100.6
 2005080406   84   0    0   -66.18  27.38   948.1  106.1
 2005080406   90   0    0   -66.62  27.84   950.1   97.1
 2005080406   96   0    0   -67.06  28.54   950.9   97.6
 2005080406  102   0    0   -67.31  29.24   952.8   94.9
 2005080406  108   0    0   -67.40  30.15   955.4   90.4
 2005080406  114   0    0   -67.07  30.97   958.3   88.7
 2005080406  120   0    0   -66.32  31.96   961.5   77.3
