 2005080406    0   0    0   -52.32  20.25   986.0   51.5
 2005080406    6   0    0   -53.32  20.61   986.6   58.9
 2005080406   12   0    0   -54.72  21.20   985.5   65.4
 2005080406   18   0    0   -56.18  21.91   982.2   65.8
 2005080406   24   0    0   -57.55  22.31   978.4   80.2
 2005080406   30   0    0   -58.91  22.77   973.0   86.4
 2005080406   36   0    0   -60.13  23.33   969.5   91.4
 2005080406   42   0    0   -61.19  23.83   966.0   93.7
 2005080406   48   0    0   -62.23  24.42   960.2   94.1
 2005080406   54   0    0   -63.15  25.02   954.3  100.3
 2005080406   60   0    0   -63.91  25.52   951.1   96.1
 2005080406   66   0    0   -64.34  25.98   948.0  103.8
 2005080406   72   0    0   -64.93  26.26   949.6   99.1
 2005080406   78   0    0   -65.45  26.70   949.4   99.8
 2005080406   84   0    0   -66.06  27.22   949.3  104.7
 2005080406   90   0    0   -66.56  27.77   949.6   95.2
 2005080406   96   0    0   -66.98  28.38   951.6   96.4
 2005080406  102   0    0   -67.29  29.08   952.4   92.8
 2005080406  108   0    0   -67.41  29.97   955.5   88.3
 2005080406  114   0    0   -67.15  30.86   957.5   87.9
 2005080406  120   0    0   -66.54  31.79   961.3   77.0
