 2005080500    0   0    0   -55.88  21.36   998.9   43.9
 2005080500    6   0    0   -57.04  21.93   998.5   47.7
 2005080500   12   0    0   -58.31  22.46   993.2   59.1
 2005080500   18   0    0   -59.68  23.20   987.6   66.9
 2005080500   24   0    0   -60.69  23.66   985.0   65.8
 2005080500   30   0    0   -61.77  24.18   979.9   72.9
 2005080500   36   0    0   -62.48  24.64   972.7   85.3
 2005080500   42   0    0   -63.14  25.19   969.9   80.5
 2005080500   48   0    0   -63.61  25.73   964.6   85.4
 2005080500   54   0    0   -64.07  26.17   961.5   89.9
 2005080500   60   0    0   -64.54  26.87   959.2   89.4
 2005080500   66   0    0   -64.92  27.61   957.9   90.5
 2005080500   72   0    0   -65.05  28.43   957.2   89.8
 2005080500   78   0    0   -65.27  29.34   958.8   87.4
 2005080500   84   0    0   -65.33  30.40   958.5   88.1
 2005080500   90   0    0   -65.17  31.58   961.0   85.0
 2005080500   96   0    0   -64.60  32.83   965.7   85.7
 2005080500  102   0    0   -63.76  34.25   967.7   77.6
 2005080500  108   0    1   -62.88  35.90   971.5   42.9
 2005080500  114   0    1   -61.58  36.36   983.0   51.5
 2005080500  120   0    1   -60.12  36.49  1001.5   35.8
