 2005080306    0   0    0   -47.46  18.55   980.0   56.7
 2005080306    6   0    0   -48.42  18.86   988.0   60.5
 2005080306   12   0    0   -49.46  19.40   982.9   67.2
 2005080306   18   0    0   -50.52  19.81   979.6   68.2
 2005080306   24   0    0   -51.86  20.38   974.3   86.9
 2005080306   30   0    0   -53.30  20.95   974.2   79.8
 2005080306   36   0    0   -54.68  21.73   971.0   85.5
 2005080306   42   0    0   -55.90  22.27   966.4   90.2
 2005080306   48   0    0   -57.31  22.91   965.1   94.2
 2005080306   54   0    0   -58.60  23.54   962.7   93.4
 2005080306   60   0    0   -59.77  24.20   963.0   92.6
 2005080306   66   0    0   -60.75  24.81   963.9   87.6
 2005080306   72   0    0   -61.61  25.41   962.9   91.3
 2005080306   78   0    0   -62.46  26.10   959.7   96.9
 2005080306   84   0    0   -62.98  26.77   958.5   94.3
 2005080306   90   0    0   -63.23  27.44   958.6   94.1
 2005080306   96   0    0   -63.67  28.24   959.5   92.5
 2005080306  102   0    0   -64.12  29.08   960.1   87.8
 2005080306  108   0    0   -64.53  30.12   959.9   92.8
 2005080306  114   0    0   -64.97  31.18   961.5   87.6
 2005080306  120   0    0   -65.35  32.36   963.0   79.7
