 2005080406    0   0    0   -52.06  19.73  1000.3   36.6
 2005080406    6   0    0   -53.18  20.18  1002.2   44.6
 2005080406   12   0    0   -54.63  20.85   999.6   46.7
 2005080406   18   0    0   -55.85  21.38   997.2   51.2
 2005080406   24   0    0   -57.07  22.05   992.5   64.5
 2005080406   30   0    0   -58.29  22.62   988.1   69.8
 2005080406   36   0    0   -59.36  23.24   980.5   79.8
 2005080406   42   0    0   -60.40  23.83   973.8   85.3
 2005080406   48   0    0   -61.40  24.27   966.7   84.7
 2005080406   54   0    0   -62.00  24.83   963.4   90.2
 2005080406   60   0    0   -62.56  25.45   960.5   95.7
 2005080406   66   0    0   -62.95  25.91   959.6   96.8
 2005080406   72   0    0   -63.48  26.43   957.5   91.2
 2005080406   78   0    0   -63.84  26.98   957.9   96.7
 2005080406   84   0    0   -64.44  27.71   957.4   91.4
 2005080406   90   0    0   -64.90  28.40   958.7   93.5
 2005080406   96   0    0   -65.37  29.19   958.9   89.1
 2005080406  102   0    0   -65.62  30.18   961.7   89.6
 2005080406  108   0    0   -65.71  31.36   960.6   88.3
 2005080406  114   0    0   -65.34  32.49   962.7   87.8
 2005080406  120   0    0   -64.71  33.86   963.0   85.2
