 2005080106    0   0    0   -40.27  16.51   999.6   26.9
 2005080106    6   0    0   -41.56  16.45  1004.2   27.2
 2005080106   12   0    0   -42.80  16.20  1003.2   30.2
 2005080106   18   0    0   -43.66  16.60  1004.4   33.1
 2005080106   24   0    0   -45.24  16.71  1001.8   32.6
 2005080106   30   0    0   -46.26  16.82  1000.5   36.7
 2005080106   36   0    0   -47.47  16.98  1000.3   36.8
 2005080106   42   0    0   -48.29  17.17   999.5   39.1
 2005080106   48   0    0   -49.14  17.36   997.3   42.3
 2005080106   54   0    0   -49.85  17.71   994.8   45.3
 2005080106   60   0    0   -50.67  18.43   990.9   49.3
 2005080106   66   0    0   -51.50  19.09   986.6   52.3
 2005080106   72   0    0   -52.60  19.67   984.3   54.5
 2005080106   78   0    0   -53.76  20.27   979.9   61.5
 2005080106   84   0    0   -54.88  20.94   977.8   60.4
 2005080106   90   0    0   -55.95  21.60   974.5   68.0
 2005080106   96   0    0   -57.15  22.16   970.1   65.2
 2005080106  102   0    0   -58.13  22.76   967.1   72.6
 2005080106  108   0    0   -59.16  23.56   962.6   81.3
 2005080106  114   0    0   -60.17  24.26   958.8   83.6
 2005080106  120   0    0   -61.03  24.73   956.7   84.9
