 2005080500    0   0    0   -55.97  21.56   949.5   98.5
 2005080500    6   0    0   -57.29  22.43   970.9   84.0
 2005080500   12   0    0   -58.48  23.13   968.4   85.7
 2005080500   18   0    0   -59.81  23.95   961.7   92.1
 2005080500   24   0    0   -60.74  24.64   959.9   96.6
 2005080500   30   0    0   -61.73  25.30   955.0  103.2
 2005080500   36   0    0   -62.39  25.98   953.1  104.7
 2005080500   42   0    0   -62.85  26.75   951.5  101.7
 2005080500   48   0    0   -63.09  27.51   953.2   99.0
 2005080500   54   0    0   -63.60  28.25   954.0   95.8
 2005080500   60   0    0   -63.97  29.01   955.9   93.8
 2005080500   66   0    0   -64.20  29.93   956.9   90.0
 2005080500   72   0    0   -64.38  31.03   957.5   92.4
 2005080500   78   0    0   -64.61  32.24   958.0   86.8
 2005080500   84   0    0   -64.88  33.11   959.8   88.6
 2005080500   90   0    0   -65.32  34.22   962.4   84.2
 2005080500   96   0    1   -65.61  35.10   969.4   88.4
 2005080500  102   0    1   -65.69  35.84   980.1   50.9
 2005080500  108   0    1   -65.30  35.65   993.6   40.2
 2005080500  114   0    1   -63.27  35.99   991.3   53.6
 2005080500  120   0    1   -62.25  36.11  1004.0   38.4
