 2005080500    0   0    0   -55.97  21.56   949.5   98.5
 2005080500    6   0    0   -57.03  22.31   971.0   83.1
 2005080500   12   0    0   -58.35  23.00   968.6   83.1
 2005080500   18   0    0   -59.50  23.87   964.6   90.9
 2005080500   24   0    0   -60.57  24.51   960.0   95.1
 2005080500   30   0    0   -61.56  25.19   956.4  100.6
 2005080500   36   0    0   -62.28  25.88   953.7  102.0
 2005080500   42   0    0   -62.78  26.58   951.6   98.1
 2005080500   48   0    0   -63.02  27.36   952.6   97.2
 2005080500   54   0    0   -63.51  28.09   954.4   94.9
 2005080500   60   0    0   -63.84  28.89   955.7   92.1
 2005080500   66   0    0   -64.21  29.72   957.9   89.3
 2005080500   72   0    0   -64.32  30.88   957.2   90.7
 2005080500   78   0    0   -64.53  31.97   958.1   86.5
 2005080500   84   0    0   -64.90  33.04   959.4   87.7
 2005080500   90   0    0   -65.26  34.07   962.1   83.4
 2005080500   96   0    1   -65.56  34.99   967.9   89.2
 2005080500  102   0    1   -65.68  35.85   978.0   60.3
 2005080500  108   0    1   -65.66  35.80   991.1   35.3
 2005080500  114   0    1   -63.50  36.19   988.8   52.8
 2005080500  120   0    1   -62.36  36.23   999.8   41.8
