 2005080306    0   0    0   -48.02  18.58   987.2   50.0
 2005080306    6   0    0   -49.12  19.14   989.2   55.3
 2005080306   12   0    0   -50.06  19.70   985.6   59.1
 2005080306   18   0    0   -51.25  20.17   981.9   69.8
 2005080306   24   0    0   -52.56  20.86   973.9   77.4
 2005080306   30   0    0   -53.96  21.42   971.3   92.2
 2005080306   36   0    0   -55.38  22.18   966.4   97.5
 2005080306   42   0    0   -56.69  22.82   965.3   94.6
 2005080306   48   0    0   -58.05  23.46   964.0   91.9
 2005080306   54   0    0   -59.31  24.16   960.9   97.0
 2005080306   60   0    0   -60.57  24.84   957.7  104.8
 2005080306   66   0    0   -61.56  25.43   956.2   99.9
 2005080306   72   0    0   -62.47  26.08   953.2  103.3
 2005080306   78   0    0   -63.10  26.71   952.9   94.0
 2005080306   84   0    0   -63.44  27.35   952.0   90.7
 2005080306   90   0    0   -63.70  28.08   953.9   94.5
 2005080306   96   0    0   -64.13  28.91   955.0   89.4
 2005080306  102   0    0   -64.47  29.71   958.3   91.8
 2005080306  108   0    0   -64.85  30.70   958.6   90.7
 2005080306  114   0    0   -65.22  31.62   961.1   88.3
 2005080306  120   0    0   -65.61  32.92   961.9   83.9
