 2005080200    0   0    0   -43.97  17.35   996.9   35.3
 2005080200    6   0    0   -44.98  17.12   999.3   39.1
 2005080200   12   0    0   -46.06  17.27   997.6   49.4
 2005080200   18   0    0   -46.99  17.40   992.3   51.1
 2005080200   24   0    0   -47.85  17.50   988.9   58.9
 2005080200   30   0    0   -48.78  17.65   982.4   62.9
 2005080200   36   0    0   -49.77  17.92   975.9   76.3
 2005080200   42   0    0   -50.91  18.33   966.4   84.1
 2005080200   48   0    0   -51.91  18.73   959.4   91.4
 2005080200   54   0    0   -53.09  19.11   959.0   88.6
 2005080200   60   0    0   -54.26  19.66   957.9   92.4
 2005080200   66   0    0   -55.50  20.21   957.4   99.0
 2005080200   72   0    0   -56.57  20.84   955.4   99.3
 2005080200   78   0    0   -57.73  21.44   954.2   95.3
 2005080200   84   0    0   -58.94  22.14   954.6   97.1
 2005080200   90   0    0   -60.02  22.88   952.9  102.4
 2005080200   96   0    0   -60.91  23.59   955.2   91.5
 2005080200  102   0    0   -61.73  24.22   956.3   93.4
 2005080200  108   0    0   -62.29  24.85   955.0   97.6
 2005080200  114   0    0   -62.79  25.57   953.5   95.9
 2005080200  120   0    0   -63.10  26.16   953.0   96.2
