 2005080300    0   0    0   -46.86  18.45   978.8   56.1
 2005080300    6   0    0   -48.41  18.43   988.3   62.4
 2005080300   12   0    0   -49.61  18.54   982.6   64.7
 2005080300   18   0    0   -50.70  18.97   978.5   70.9
 2005080300   24   0    0   -51.87  19.34   972.6   76.1
 2005080300   30   0    0   -53.34  19.66   965.7   88.4
 2005080300   36   0    0   -54.73  20.15   959.9   94.8
 2005080300   42   0    0   -56.13  20.60   956.5  100.0
 2005080300   48   0    0   -57.41  21.14   954.4  103.9
 2005080300   54   0    0   -58.77  21.69   953.6  105.1
 2005080300   60   0    0   -60.06  22.39   949.6  105.3
 2005080300   66   0    0   -61.23  23.08   949.3  105.9
 2005080300   72   0    0   -62.21  23.84   950.3  100.3
 2005080300   78   0    0   -63.14  24.56   951.0  107.1
 2005080300   84   0    0   -63.89  25.32   955.1   95.4
 2005080300   90   0    0   -64.48  26.12   956.9   91.5
 2005080300   96   0    0   -64.90  26.73   957.1   93.5
 2005080300  102   0    0   -65.30  27.28   959.7   84.8
 2005080300  108   0    0   -65.61  27.91   958.7   94.1
 2005080300  114   0    0   -66.01  28.66   959.6   94.4
 2005080300  120   0    0   -66.11  29.47   960.7   86.9
