 2005080118    0   0    0   -43.15  16.67  1002.8   36.0
 2005080118    6   0    0   -43.86  16.50  1002.0   42.2
 2005080118   12   0    0   -44.59  16.77   997.8   50.3
 2005080118   18   0    0   -45.08  17.16   997.1   55.7
 2005080118   24   0    0   -45.79  18.01   994.5   50.8
 2005080118   30   0    0   -46.61  18.78   991.9   53.8
 2005080118   36   0    0   -47.77  19.14   986.5   55.4
 2005080118   42   0    0   -48.68  19.73   984.9   60.9
 2005080118   48   0    0   -49.70  20.62   978.2   78.0
 2005080118   54   0    0   -50.82  21.11   974.3   75.6
 2005080118   60   0    0   -52.05  21.65   967.7   85.7
 2005080118   66   0    0   -53.21  22.23   965.1   96.2
 2005080118   72   0    0   -54.38  22.96   962.7   94.4
 2005080118   78   0    0   -55.49  23.55   963.6   91.0
 2005080118   84   0    0   -56.64  24.16   960.3   92.7
 2005080118   90   0    0   -57.69  24.82   959.2   92.7
 2005080118   96   0    0   -58.65  25.62   958.3   94.8
 2005080118  102   0    0   -59.49  26.37   956.9  102.1
 2005080118  108   0    0   -60.21  27.12   954.7   96.7
 2005080118  114   0    0   -60.73  27.86   955.9   96.8
 2005080118  120   0    0   -60.94  28.80   954.3   96.1
