 2005080112    0   0    0   -41.66  16.74  1002.3   36.8
 2005080112    6   0    0   -42.49  17.04  1002.9   34.2
 2005080112   12   0    0   -43.49  17.19  1003.1   36.0
 2005080112   18   0    0   -44.39  17.30   999.8   41.7
 2005080112   24   0    0   -45.46  17.82   999.6   44.1
 2005080112   30   0    0   -46.37  18.34   995.8   50.2
 2005080112   36   0    0   -47.41  18.76   994.4   57.5
 2005080112   42   0    0   -48.49  19.05   987.8   59.9
 2005080112   48   0    0   -49.47  19.49   985.5   64.4
 2005080112   54   0    0   -50.59  20.10   978.4   74.4
 2005080112   60   0    0   -51.67  20.64   972.6   78.7
 2005080112   66   0    0   -52.95  21.25   965.4   85.2
 2005080112   72   0    0   -54.20  21.86   962.8  100.6
 2005080112   78   0    0   -55.48  22.61   959.0   99.5
 2005080112   84   0    0   -56.70  23.24   956.7  101.1
 2005080112   90   0    0   -57.99  23.96   954.7   96.7
 2005080112   96   0    0   -59.24  24.64   955.8   99.4
 2005080112  102   0    0   -60.33  25.40   952.9  104.2
 2005080112  108   0    0   -61.27  26.03   952.6  104.5
 2005080112  114   0    0   -62.20  26.73   950.1  105.3
 2005080112  120   0    0   -62.86  27.55   949.6  100.5
