 2005080218    0   0    0   -46.12  18.09   979.0   57.7
 2005080218    6   0    0   -47.52  18.07   989.1   62.0
 2005080218   12   0    0   -48.58  18.24   985.9   62.8
 2005080218   18   0    0   -49.83  18.47   981.4   66.9
 2005080218   24   0    0   -50.99  18.80   975.8   79.6
 2005080218   30   0    0   -52.22  19.08   968.1   81.0
 2005080218   36   0    0   -53.57  19.41   961.4   95.8
 2005080218   42   0    0   -54.95  19.73   956.8  100.7
 2005080218   48   0    0   -56.24  20.34   954.8  100.7
 2005080218   54   0    0   -57.42  20.82   953.5  101.3
 2005080218   60   0    0   -58.76  21.41   953.2  100.4
 2005080218   66   0    0   -60.07  22.07   953.6  101.0
 2005080218   72   0    0   -61.24  22.75   955.0   98.8
 2005080218   78   0    0   -62.23  23.44   955.2   97.3
 2005080218   84   0    0   -63.21  24.11   954.2  102.1
 2005080218   90   0    0   -63.98  24.96   957.4   93.1
 2005080218   96   0    0   -64.54  25.62   958.9   92.5
 2005080218  102   0    0   -64.80  26.21   959.2   86.6
 2005080218  108   0    0   -65.16  26.77   959.3   83.9
 2005080218  114   0    0   -65.53  27.29   958.9   87.9
 2005080218  120   0    0   -65.80  27.98   960.5   85.3
