 2005080318    0   0    0   -49.96  19.30   949.4  100.3
 2005080318    6   0    0   -51.28  19.88   971.3   83.9
 2005080318   12   0    0   -52.72  20.04   964.2   88.7
 2005080318   18   0    0   -54.07  20.56   965.5   84.6
 2005080318   24   0    0   -55.61  21.14   962.0   91.8
 2005080318   30   0    0   -57.02  21.66   964.8   92.2
 2005080318   36   0    0   -58.38  22.28   965.1   88.3
 2005080318   42   0    0   -59.76  22.97   963.4   95.4
 2005080318   48   0    0   -61.04  23.71   964.5   99.1
 2005080318   54   0    0   -62.08  24.49   963.7   87.8
 2005080318   60   0    0   -63.02  25.18   965.6   89.0
 2005080318   66   0    0   -63.75  26.07   965.2   86.8
 2005080318   72   0    0   -64.40  26.91   965.6   87.3
 2005080318   78   0    0   -64.77  27.67   965.3   80.7
 2005080318   84   0    0   -65.23  28.47   965.3   86.9
 2005080318   90   0    0   -65.40  29.28   966.6   84.0
 2005080318   96   0    0   -65.44  30.24   968.0   76.3
 2005080318  102   0    0   -65.40  31.34   968.0   79.4
 2005080318  108   0    0   -65.19  32.50   970.2   72.7
 2005080318  114   0    0   -64.68  33.68   971.5   69.8
 2005080318  120   0    1   -63.58  35.11   975.4   65.8
