 2005080318    0   0    0   -49.96  19.30   949.4  100.3
 2005080318    6   0    0   -51.66  19.88   970.9   88.2
 2005080318   12   0    0   -52.90  20.13   963.0   90.1
 2005080318   18   0    0   -54.24  20.63   965.2   86.4
 2005080318   24   0    0   -55.82  21.23   961.9   93.3
 2005080318   30   0    0   -57.23  21.70   965.2   93.8
 2005080318   36   0    0   -58.69  22.37   964.0   92.2
 2005080318   42   0    0   -60.02  23.07   963.0   96.6
 2005080318   48   0    0   -61.25  23.86   963.5  101.0
 2005080318   54   0    0   -62.30  24.59   964.0   88.8
 2005080318   60   0    0   -63.17  25.37   964.7   90.0
 2005080318   66   0    0   -63.90  26.22   964.8   87.7
 2005080318   72   0    0   -64.51  27.05   965.1   87.8
 2005080318   78   0    0   -64.81  27.80   965.7   81.5
 2005080318   84   0    0   -65.26  28.59   964.7   87.7
 2005080318   90   0    0   -65.37  29.45   967.1   85.6
 2005080318   96   0    0   -65.41  30.45   967.5   78.2
 2005080318  102   0    0   -65.34  31.49   968.6   80.2
 2005080318  108   0    0   -65.13  32.68   969.6   73.3
 2005080318  114   0    0   -64.52  33.88   972.0   70.4
 2005080318  120   0    1   -63.27  35.21   975.9   63.0
