 2005080418    0   0    0   -54.86  21.20   989.6   52.3
 2005080418    6   0    0   -56.04  21.74   985.2   64.7
 2005080418   12   0    0   -57.58  22.30   982.4   69.6
 2005080418   18   0    0   -58.88  22.91   978.0   80.1
 2005080418   24   0    0   -60.15  23.47   974.7   81.0
 2005080418   30   0    0   -61.14  23.98   970.5   84.0
 2005080418   36   0    0   -62.13  24.57   962.8   88.8
 2005080418   42   0    0   -62.93  25.08   955.9   97.8
 2005080418   48   0    0   -63.53  25.77   951.6  101.0
 2005080418   54   0    0   -63.95  26.18   949.1  102.8
 2005080418   60   0    0   -64.57  26.64   945.7  105.1
 2005080418   66   0    0   -65.10  27.11   945.1  106.3
 2005080418   72   0    0   -65.43  27.79   944.5  104.5
 2005080418   78   0    0   -65.66  28.53   944.5  106.4
 2005080418   84   0    0   -66.05  29.33   945.4  103.9
 2005080418   90   0    0   -66.18  30.22   949.1   96.9
 2005080418   96   0    0   -66.16  31.19   952.9   94.5
 2005080418  102   0    0   -65.64  32.02   956.2   87.3
 2005080418  108   0    0   -64.64  32.89   961.3   85.4
 2005080418  114   0    0   -62.97  33.95   969.6   78.6
 2005080418  120   0    1   -61.32  34.51   972.7   49.0
