 2005080200    0   0    0   -43.33  17.33   999.8   38.3
 2005080200    6   0    0   -44.19  17.49  1001.2   33.2
 2005080200   12   0    0   -45.24  17.59   999.7   36.4
 2005080200   18   0    0   -46.11  18.15  1000.3   42.0
 2005080200   24   0    0   -47.22  18.71   997.5   44.8
 2005080200   30   0    0   -48.51  18.81   993.8   49.8
 2005080200   36   0    0   -49.45  19.17   988.8   56.1
 2005080200   42   0    0   -50.48  19.95   986.2   63.3
 2005080200   48   0    0   -51.63  20.52   980.9   69.9
 2005080200   54   0    0   -53.03  21.10   976.3   72.3
 2005080200   60   0    0   -54.31  21.58   972.4   85.9
 2005080200   66   0    0   -55.64  22.35   969.0   86.3
 2005080200   72   0    0   -56.88  23.07   963.7   92.7
 2005080200   78   0    0   -58.21  23.74   960.6   92.0
 2005080200   84   0    0   -59.49  24.34   957.4   97.6
 2005080200   90   0    0   -60.54  25.14   955.1   99.0
 2005080200   96   0    0   -61.40  26.03   953.6   99.5
 2005080200  102   0    0   -62.21  26.78   953.3   98.1
 2005080200  108   0    0   -62.75  27.63   952.7  102.6
 2005080200  114   0    0   -63.10  28.57   953.5   92.3
 2005080200  120   0    0   -63.11  29.48   954.4   93.4
