 2005080200    0   0    0   -43.33  17.33   999.8   38.3
 2005080200    6   0    0   -44.39  17.51  1000.6   36.1
 2005080200   12   0    0   -45.48  17.70  1001.1   38.8
 2005080200   18   0    0   -46.29  18.16   998.3   45.6
 2005080200   24   0    0   -47.47  18.80   997.8   46.1
 2005080200   30   0    0   -48.57  18.89   991.0   52.5
 2005080200   36   0    0   -49.61  19.32   989.2   59.4
 2005080200   42   0    0   -50.76  20.08   983.1   65.8
 2005080200   48   0    0   -51.81  20.60   981.5   74.6
 2005080200   54   0    0   -53.30  21.13   974.5   75.1
 2005080200   60   0    0   -54.52  21.71   971.6   89.2
 2005080200   66   0    0   -55.83  22.51   967.7   88.1
 2005080200   72   0    0   -57.12  23.17   963.6   95.1
 2005080200   78   0    0   -58.48  23.85   959.0   94.5
 2005080200   84   0    0   -59.64  24.44   956.4   99.2
 2005080200   90   0    0   -60.66  25.29   954.9  100.5
 2005080200   96   0    0   -61.52  26.11   953.5  101.0
 2005080200  102   0    0   -62.35  26.93   952.1   99.6
 2005080200  108   0    0   -62.82  27.80   952.2  106.1
 2005080200  114   0    0   -63.17  28.68   953.4   94.5
 2005080200  120   0    0   -63.12  29.62   955.5   94.3
