 2005080218    0   0    0   -45.31  17.91   988.3   60.0
 2005080218    6   0    0   -46.47  18.47   995.1   65.2
 2005080218   12   0    0   -47.65  18.80   989.0   61.3
 2005080218   18   0    0   -49.02  19.14   989.8   61.5
 2005080218   24   0    0   -50.09  19.60   985.6   60.8
 2005080218   30   0    0   -51.01  20.04   982.6   68.2
 2005080218   36   0    0   -52.45  20.49   975.9   74.0
 2005080218   42   0    0   -53.59  21.06   973.4   81.2
 2005080218   48   0    0   -54.90  21.91   970.4   84.6
 2005080218   54   0    0   -56.12  22.50   966.5   95.9
 2005080218   60   0    0   -57.51  23.07   964.4   97.5
 2005080218   66   0    0   -58.66  23.76   961.2  101.7
 2005080218   72   0    0   -59.87  24.63   957.7   95.8
 2005080218   78   0    0   -60.85  25.23   958.1   99.1
 2005080218   84   0    0   -61.80  25.82   959.4   93.4
 2005080218   90   0    0   -62.49  26.42   960.2   94.1
 2005080218   96   0    0   -62.88  27.12   958.0   92.5
 2005080218  102   0    0   -63.11  27.76   958.1   94.2
 2005080218  108   0    0   -63.45  28.41   955.9   92.8
 2005080218  114   0    0   -63.84  29.14   956.6   92.2
 2005080218  120   0    0   -64.26  30.10   958.0   84.6
