 2005080318    0   0    0   -49.31  19.21   963.1   83.1
 2005080318    6   0    0   -50.45  20.04   978.9   80.5
 2005080318   12   0    0   -51.81  20.22   974.6   70.5
 2005080318   18   0    0   -53.09  21.00   970.6   88.5
 2005080318   24   0    0   -54.54  21.74   963.5   97.6
 2005080318   30   0    0   -55.93  22.40   963.4   95.2
 2005080318   36   0    0   -57.27  23.06   963.1   93.1
 2005080318   42   0    0   -58.58  23.70   959.9  103.1
 2005080318   48   0    0   -59.78  24.45   960.5   96.6
 2005080318   54   0    0   -60.73  25.07   961.6   95.0
 2005080318   60   0    0   -61.69  25.70   960.5   93.9
 2005080318   66   0    0   -62.40  26.25   960.0   91.4
 2005080318   72   0    0   -62.89  27.01   957.5  104.8
 2005080318   78   0    0   -63.11  27.62   958.3   88.4
 2005080318   84   0    0   -63.45  28.24   957.7   89.9
 2005080318   90   0    0   -63.64  28.97   958.9   91.9
 2005080318   96   0    0   -64.01  29.79   958.0   89.2
 2005080318  102   0    0   -64.36  30.74   960.6   91.0
 2005080318  108   0    0   -64.72  31.68   962.4   81.3
 2005080318  114   0    0   -64.93  32.79   964.9   80.3
 2005080318  120   0    0   -65.23  34.01   966.5   81.3
