 2005080318    0   0    0   -49.31  19.21   963.1   83.1
 2005080318    6   0    0   -50.15  19.92   979.1   77.2
 2005080318   12   0    0   -51.74  20.20   974.9   66.5
 2005080318   18   0    0   -52.88  20.89   971.9   84.7
 2005080318   24   0    0   -54.36  21.59   964.8   95.4
 2005080318   30   0    0   -55.70  22.31   963.3   92.6
 2005080318   36   0    0   -57.05  22.94   963.8   91.4
 2005080318   42   0    0   -58.40  23.55   960.2  102.0
 2005080318   48   0    0   -59.56  24.34   961.0   94.6
 2005080318   54   0    0   -60.59  24.98   960.9   94.4
 2005080318   60   0    0   -61.51  25.58   961.3   92.2
 2005080318   66   0    0   -62.36  26.18   960.3   89.4
 2005080318   72   0    0   -62.82  26.87   958.5  102.4
 2005080318   78   0    0   -63.08  27.58   958.0   87.8
 2005080318   84   0    0   -63.39  28.14   958.4   89.3
 2005080318   90   0    0   -63.57  28.81   959.1   90.0
 2005080318   96   0    0   -63.98  29.65   958.8   88.8
 2005080318  102   0    0   -64.25  30.61   960.5   90.4
 2005080318  108   0    0   -64.67  31.53   962.4   80.7
 2005080318  114   0    0   -64.90  32.59   964.3   80.0
 2005080318  120   0    0   -65.20  33.81   966.7   79.4
