 2005080318    0   0    0   -50.05  19.51   987.1   51.2
 2005080318    6   0    0   -51.19  19.82   985.2   59.7
 2005080318   12   0    0   -52.44  20.27   982.8   59.7
 2005080318   18   0    0   -53.80  20.81   980.3   71.4
 2005080318   24   0    0   -55.06  21.53   973.3   81.8
 2005080318   30   0    0   -56.36  22.12   967.8   91.4
 2005080318   36   0    0   -57.85  22.74   960.7  102.6
 2005080318   42   0    0   -59.13  23.33   956.5  103.8
 2005080318   48   0    0   -60.34  24.06   952.6  106.1
 2005080318   54   0    0   -61.52  24.66   950.5  104.1
 2005080318   60   0    0   -62.45  25.18   948.3  111.0
 2005080318   66   0    0   -63.21  25.69   946.8  106.8
 2005080318   72   0    0   -63.73  26.31   943.5  105.9
 2005080318   78   0    0   -64.08  26.96   941.8  110.5
 2005080318   84   0    0   -64.57  27.49   942.9  103.4
 2005080318   90   0    0   -64.95  28.03   944.1  102.5
 2005080318   96   0    0   -65.34  28.78   943.1  106.0
 2005080318  102   0    0   -65.71  29.51   946.4  102.0
 2005080318  108   0    0   -66.08  30.38   948.2   98.9
 2005080318  114   0    0   -66.32  31.32   952.3   93.0
 2005080318  120   0    0   -66.29  32.32   954.3   93.8
