 2005080200    0   0    0   -42.91  17.25  1006.1   30.7
 2005080200    6   0    0   -43.40  17.58  1005.8   29.1
 2005080200   12   0    0   -44.69  17.91  1005.3   28.2
 2005080200   18   0    0   -45.21  18.36  1005.8   29.4
 2005080200   24   0    0   -46.83  19.15  1005.1   31.4
 2005080200   30   0    0   -48.24  19.00  1003.1   31.7
 2005080200   36   0    0   -49.29  19.26  1002.3   40.7
 2005080200   42   0    0   -50.71  19.72   997.1   40.9
 2005080200   48   0    0   -51.77  20.26   993.1   48.4
 2005080200   54   0    0   -53.03  20.68   989.1   63.8
 2005080200   60   0    0   -54.35  21.26   983.1   69.7
 2005080200   66   0    0   -55.73  21.93   978.0   71.6
 2005080200   72   0    0   -57.11  22.59   970.0   87.7
 2005080200   78   0    0   -58.63  23.11   965.0   94.8
 2005080200   84   0    0   -60.03  23.65   959.3   92.0
 2005080200   90   0    0   -61.25  24.21   954.6  100.5
 2005080200   96   0    0   -62.21  24.71   953.4   97.7
 2005080200  102   0    0   -62.99  25.29   952.2   93.7
 2005080200  108   0    0   -63.52  25.91   952.6  100.8
 2005080200  114   0    0   -63.85  26.68   950.1  101.0
 2005080200  120   0    0   -64.05  27.53   949.5  101.4
