 2005080118    0   0    0   -42.21  16.98   999.0   36.6
 2005080118    6   0    0   -43.12  17.21  1002.4   39.4
 2005080118   12   0    0   -44.26  17.30  1000.7   39.4
 2005080118   18   0    0   -45.22  17.80  1000.5   45.2
 2005080118   24   0    0   -46.17  18.34   996.2   51.3
 2005080118   30   0    0   -47.19  18.63   995.1   50.0
 2005080118   36   0    0   -48.39  19.06   988.0   59.1
 2005080118   42   0    0   -49.38  19.53   987.3   60.4
 2005080118   48   0    0   -50.55  20.20   982.1   66.0
 2005080118   54   0    0   -51.72  20.71   977.9   69.9
 2005080118   60   0    0   -53.07  21.31   971.5   84.6
 2005080118   66   0    0   -54.26  21.83   968.9   95.1
 2005080118   72   0    0   -55.58  22.51   966.1   86.4
 2005080118   78   0    0   -56.83  23.17   963.2   89.0
 2005080118   84   0    0   -58.07  23.82   960.7   96.6
 2005080118   90   0    0   -59.17  24.46   960.7   95.9
 2005080118   96   0    0   -60.29  25.26   958.1  101.7
 2005080118  102   0    0   -61.09  25.95   956.8  100.7
 2005080118  108   0    0   -61.80  26.65   953.5  106.3
 2005080118  114   0    0   -62.37  27.24   953.1   99.3
 2005080118  120   0    0   -62.58  28.06   950.7   98.9
