 2005080118    0   0    0   -42.21  16.98   999.0   36.6
 2005080118    6   0    0   -43.00  17.21  1002.0   38.3
 2005080118   12   0    0   -44.12  17.27  1001.3   35.5
 2005080118   18   0    0   -45.01  17.76  1000.1   42.9
 2005080118   24   0    0   -45.98  18.29   998.2   49.4
 2005080118   30   0    0   -47.07  18.58   994.9   46.6
 2005080118   36   0    0   -48.16  19.06   989.5   57.3
 2005080118   42   0    0   -49.17  19.43   987.0   59.4
 2005080118   48   0    0   -50.36  20.09   982.4   63.2
 2005080118   54   0    0   -51.50  20.69   978.0   68.4
 2005080118   60   0    0   -52.81  21.24   973.2   81.8
 2005080118   66   0    0   -54.08  21.67   968.7   88.4
 2005080118   72   0    0   -55.41  22.45   967.1   83.1
 2005080118   78   0    0   -56.60  23.15   964.4   86.9
 2005080118   84   0    0   -57.87  23.71   961.5   93.9
 2005080118   90   0    0   -58.98  24.33   961.1   94.2
 2005080118   96   0    0   -60.13  25.14   958.9   99.4
 2005080118  102   0    0   -60.96  25.80   957.3   98.6
 2005080118  108   0    0   -61.76  26.51   955.1  103.2
 2005080118  114   0    0   -62.33  27.17   953.6   97.3
 2005080118  120   0    0   -62.49  27.90   951.8   96.8
