 2005080418    0   0    0   -54.81  21.01   947.3  115.8
 2005080418    6   0    0   -55.81  21.68   975.4   74.7
 2005080418   12   0    0   -57.01  22.18   975.9   77.7
 2005080418   18   0    0   -58.27  22.99   973.9   82.7
 2005080418   24   0    0   -59.33  23.75   968.5   88.8
 2005080418   30   0    0   -60.50  24.48   963.9   93.2
 2005080418   36   0    0   -61.55  25.23   963.9   86.9
 2005080418   42   0    0   -62.25  26.00   964.5   88.2
 2005080418   48   0    0   -62.77  26.90   962.8   87.2
 2005080418   54   0    0   -63.03  27.63   963.0   89.8
 2005080418   60   0    0   -63.41  28.41   963.7   84.5
 2005080418   66   0    0   -63.66  29.26   963.7   92.8
 2005080418   72   0    0   -64.03  30.36   964.5   82.8
 2005080418   78   0    0   -64.17  31.53   964.0   87.8
 2005080418   84   0    0   -64.72  32.74   962.8   78.6
 2005080418   90   0    0   -64.89  33.76   965.9   77.2
 2005080418   96   0    1   -65.21  34.82   970.7   75.4
 2005080418  102   0    1   -65.22  35.66   980.0   69.3
 2005080418  108   0    1   -65.00  35.90   988.8   37.7
 2005080418  114   0    1   -63.30  36.20   987.1   48.5
 2005080418  120   0    1   -61.86  36.25  1000.0   41.9
