 2005080206    0   0    0   -44.69  17.04   998.3   45.6
 2005080206    6   0    0   -45.46  17.20   995.8   48.8
 2005080206   12   0    0   -45.98  17.72   992.5   44.1
 2005080206   18   0    0   -46.98  18.30   988.9   44.0
 2005080206   24   0    0   -47.87  18.83   986.4   59.6
 2005080206   30   0    0   -48.73  19.23   983.0   60.6
 2005080206   36   0    0   -49.89  19.98   978.3   69.3
 2005080206   42   0    0   -50.95  20.51   972.9   71.7
 2005080206   48   0    0   -52.07  21.08   969.0   80.6
 2005080206   54   0    0   -53.32  21.68   964.4   87.3
 2005080206   60   0    0   -54.53  22.41   961.7   88.9
 2005080206   66   0    0   -55.70  23.06   958.9   99.9
 2005080206   72   0    0   -56.87  23.68   957.2   95.9
 2005080206   78   0    0   -58.01  24.22   956.1   99.2
 2005080206   84   0    0   -59.10  24.83   955.0  102.2
 2005080206   90   0    0   -59.88  25.51   952.8  101.5
 2005080206   96   0    0   -60.70  26.20   951.2   98.2
 2005080206  102   0    0   -61.30  26.86   949.3  104.8
 2005080206  108   0    0   -61.80  27.65   949.4   97.1
 2005080206  114   0    0   -62.09  28.44   949.4   98.4
 2005080206  120   0    0   -62.34  29.15   951.1   94.5
