 2005080218    0   0    0   -46.30  17.92   992.3   43.7
 2005080218    6   0    0   -47.16  18.31   990.0   50.0
 2005080218   12   0    0   -47.98  18.58   989.8   55.6
 2005080218   18   0    0   -48.99  19.03   986.8   54.1
 2005080218   24   0    0   -50.10  19.95   982.2   64.9
 2005080218   30   0    0   -51.28  20.47   977.5   71.0
 2005080218   36   0    0   -52.40  20.91   973.4   77.3
 2005080218   42   0    0   -53.82  21.56   967.8   87.3
 2005080218   48   0    0   -55.04  22.27   965.1   98.6
 2005080218   54   0    0   -56.39  23.06   962.5   89.5
 2005080218   60   0    0   -57.73  23.61   961.5   96.8
 2005080218   66   0    0   -59.02  24.26   958.9  101.1
 2005080218   72   0    0   -60.18  25.02   957.2   98.3
 2005080218   78   0    0   -61.12  25.68   956.4  102.3
 2005080218   84   0    0   -62.03  26.35   957.7   96.0
 2005080218   90   0    0   -62.60  26.99   958.4   92.0
 2005080218   96   0    0   -62.98  27.70   958.4   87.9
 2005080218  102   0    0   -63.03  28.36   958.4   92.4
 2005080218  108   0    0   -63.24  29.04   958.2   85.8
 2005080218  114   0    0   -63.60  29.78   958.9   86.9
 2005080218  120   0    0   -63.95  30.76   959.6   91.4
