 2005080500    0   0    0   -55.81  21.59   951.0  106.2
 2005080500    6   0    0   -57.00  22.16   968.5   87.9
 2005080500   12   0    0   -58.14  22.97   964.4  100.2
 2005080500   18   0    0   -59.42  23.67   960.1  100.7
 2005080500   24   0    0   -60.49  24.28   960.5   92.9
 2005080500   30   0    0   -61.50  24.78   958.4   99.5
 2005080500   36   0    0   -62.20  25.30   957.6   97.7
 2005080500   42   0    0   -62.67  25.84   956.6   92.1
 2005080500   48   0    0   -63.02  26.42   954.6   96.7
 2005080500   54   0    0   -63.54  27.04   954.2   95.1
 2005080500   60   0    0   -63.91  27.80   954.2   97.4
 2005080500   66   0    0   -64.25  28.64   955.5   91.4
 2005080500   72   0    0   -64.38  29.57   955.2   94.4
 2005080500   78   0    0   -64.69  30.62   957.4   90.3
 2005080500   84   0    0   -64.86  31.60   959.0   89.3
 2005080500   90   0    0   -64.64  32.80   961.7   83.1
 2005080500   96   0    0   -64.09  34.05   963.9   86.2
 2005080500  102   0    1   -63.57  35.38   968.1   54.9
 2005080500  108   0    1   -62.88  36.05   973.9   41.9
 2005080500  114   0    1   -61.86  36.08   992.1   49.0
 2005080500  120   0    1   -61.54  36.22  1005.3   31.2
