 2005080400    0   0    0   -50.93  19.85   938.5  108.6
 2005080400    6   0    0   -52.71  20.31   968.6   85.1
 2005080400   12   0    0   -53.97  20.80   969.4   81.4
 2005080400   18   0    0   -55.21  21.42   968.4   87.0
 2005080400   24   0    0   -56.54  21.99   968.5   85.2
 2005080400   30   0    0   -57.98  22.63   966.5   91.2
 2005080400   36   0    0   -59.28  23.33   962.0   95.9
 2005080400   42   0    0   -60.51  24.18   959.9   98.7
 2005080400   48   0    0   -61.60  24.99   959.1   98.7
 2005080400   54   0    0   -62.63  25.69   958.7   93.8
 2005080400   60   0    0   -63.31  26.43   958.8   96.9
 2005080400   66   0    0   -63.84  27.22   958.4   96.7
 2005080400   72   0    0   -64.21  27.89   959.8   90.3
 2005080400   78   0    0   -64.51  28.65   959.4   86.2
 2005080400   84   0    0   -64.84  29.49   962.2   89.4
 2005080400   90   0    0   -65.20  30.45   963.5   88.7
 2005080400   96   0    0   -65.43  31.36   964.3   87.1
 2005080400  102   0    0   -65.82  32.35   965.5   82.8
 2005080400  108   0    0   -66.05  33.51   968.4   77.7
 2005080400  114   0    1   -66.43  34.65   970.8   81.1
 2005080400  120   0    1   -65.59  35.57   978.3   59.8
