 2005080300    0   0    0   -46.36  18.39   985.1   63.3
 2005080300    6   0    0   -47.22  18.43   990.1   66.5
 2005080300   12   0    0   -48.45  18.87   984.2   61.4
 2005080300   18   0    0   -49.55  19.32   984.5   65.6
 2005080300   24   0    0   -50.59  19.83   978.5   70.3
 2005080300   30   0    0   -51.83  20.42   976.7   74.1
 2005080300   36   0    0   -53.23  21.02   972.2   83.6
 2005080300   42   0    0   -54.69  21.71   969.9   86.3
 2005080300   48   0    0   -55.96  22.24   965.4   90.5
 2005080300   54   0    0   -57.27  22.79   962.6  100.1
 2005080300   60   0    0   -58.56  23.43   961.2   94.2
 2005080300   66   0    0   -59.72  24.12   960.6   93.1
 2005080300   72   0    0   -60.76  24.81   959.0   93.9
 2005080300   78   0    0   -61.61  25.38   959.5   91.6
 2005080300   84   0    0   -62.29  26.17   956.7   99.2
 2005080300   90   0    0   -62.90  26.92   954.3   95.0
 2005080300   96   0    0   -63.21  27.72   954.0   98.9
 2005080300  102   0    0   -63.62  28.47   956.7   93.1
 2005080300  108   0    0   -63.99  29.40   957.6   92.7
 2005080300  114   0    0   -64.33  30.44   959.0   89.3
 2005080300  120   0    0   -64.47  31.53   961.2   81.0
