 2005080412    0   0    0   -53.47  20.08  1001.7   38.0
 2005080412    6   0    0   -55.03  20.77  1000.5   46.8
 2005080412   12   0    0   -56.21  21.37   997.7   48.0
 2005080412   18   0    0   -57.59  21.93   994.7   61.3
 2005080412   24   0    0   -58.96  22.57   989.4   69.1
 2005080412   30   0    0   -60.29  23.21   980.6   72.0
 2005080412   36   0    0   -61.37  23.87   974.7   82.0
 2005080412   42   0    0   -62.43  24.42   970.3   87.8
 2005080412   48   0    0   -63.17  24.98   964.3   90.0
 2005080412   54   0    0   -63.67  25.61   958.2   96.1
 2005080412   60   0    0   -64.00  26.18   955.0  104.2
 2005080412   66   0    0   -64.40  26.73   951.4   98.6
 2005080412   72   0    0   -64.83  27.34   950.5  102.0
 2005080412   78   0    0   -65.20  28.09   949.9  100.8
 2005080412   84   0    0   -65.50  28.92   952.2   98.7
 2005080412   90   0    0   -65.81  29.78   954.1   91.5
 2005080412   96   0    0   -65.78  30.86   955.0   96.2
 2005080412  102   0    0   -65.62  32.06   957.9   89.9
 2005080412  108   0    0   -64.79  33.30   961.5   86.9
 2005080412  114   0    1   -63.17  34.89   963.2   88.5
 2005080412  120   0    1   -62.16  36.08   982.2   47.7
