 2005080106    0   0    0   -41.21  15.87  1004.9   28.2
 2005080106    6   0    0   -42.01  15.93  1005.6   42.8
 2005080106   12   0    0   -42.22  16.43  1003.7   38.6
 2005080106   18   0    1   -43.21  16.88  1004.3   41.6
 2005080106   24   0    1   -43.95  17.34  1002.4   30.4
 2005080106   30   0    1   -44.34  17.53  1004.5   34.0
 2005080106   36   0    1   -44.50  17.79  1005.8   28.5
 2005080106   42   0    1   -44.50  18.04  1009.8   25.5
 2005080106   48   0    1   -44.53  17.81  1009.9   20.9
 2005080106   54   0    1   -44.57  17.26  1012.9   16.8
 2005080106   60   0    1   -44.59  17.06  1012.5   14.4
 2005080106   66   0    1   -44.61  16.55  1015.1   12.0
 2005080106   72   0    1   -44.69  12.80  1013.5    2.9
 2005080106   78   0    1   -44.73  13.06  1015.9    7.2
 2005080106   84   0    1   -38.87  12.50  1013.5   14.5
 2005080106   90   0    1   -41.36  12.62  1015.8   16.2
 2005080106   96   0    1   -42.85  12.68  1013.6   15.3
 2005080106  102   0    1   -44.16  12.77  1014.8   17.5
 2005080106  108   0    1   -44.64  12.78  1012.5   17.6
 2005080106  114   0    1   -44.75  13.00  1014.7   15.2
 2005080106  120   0    1   -44.46  12.74  1012.4   15.6
