 2005080312    0   0    0   -49.12  19.16   989.8   47.2
 2005080312    6   0    0   -49.92  19.34   986.5   59.5
 2005080312   12   0    0   -51.12  19.85   978.7   64.3
 2005080312   18   0    0   -52.40  20.36   974.9   81.2
 2005080312   24   0    0   -53.77  20.87   967.7   89.3
 2005080312   30   0    0   -55.09  21.57   961.9   97.8
 2005080312   36   0    0   -56.39  22.28   958.9   95.5
 2005080312   42   0    0   -57.83  22.80   956.3   93.0
 2005080312   48   0    0   -59.07  23.46   953.1  102.4
 2005080312   54   0    0   -60.29  24.14   950.2  101.5
 2005080312   60   0    0   -61.22  24.82   947.5  103.6
 2005080312   66   0    0   -62.20  25.46   945.8  104.5
 2005080312   72   0    0   -62.85  26.13   943.4  104.8
 2005080312   78   0    0   -63.35  26.80   942.6  109.0
 2005080312   84   0    0   -63.50  27.43   942.5  104.7
 2005080312   90   0    0   -63.71  28.00   944.0  104.6
 2005080312   96   0    0   -63.81  28.76   944.4  101.3
 2005080312  102   0    0   -63.94  29.68   947.1   99.9
 2005080312  108   0    0   -64.02  30.78   949.0   94.1
 2005080312  114   0    0   -64.27  31.80   953.8   90.7
 2005080312  120   0    0   -64.15  33.04   957.6   82.0
