 2005080218    0   0    0   -45.81  18.41  1004.3   29.7
 2005080218    6   0    0   -46.67  18.59  1005.6   27.0
 2005080218   12   0    0   -47.95  18.42  1004.8   28.4
 2005080218   18   0    0   -48.78  18.42  1003.7   33.1
 2005080218   24   0    0   -49.84  19.05  1002.2   36.2
 2005080218   30   0    0   -50.79  19.65  1000.3   44.2
 2005080218   36   0    0   -52.11  20.13   994.4   50.6
 2005080218   42   0    0   -53.33  20.60   990.5   52.1
 2005080218   48   0    0   -54.71  21.25   988.4   64.7
 2005080218   54   0    0   -55.83  21.78   980.6   69.0
 2005080218   60   0    0   -57.09  22.34   976.2   77.9
 2005080218   66   0    0   -58.29  22.94   968.9   83.8
 2005080218   72   0    0   -59.44  23.56   965.1   92.1
 2005080218   78   0    0   -60.41  24.16   960.1   98.8
 2005080218   84   0    0   -61.32  24.86   954.4   97.0
 2005080218   90   0    0   -62.16  25.39   951.8   99.8
 2005080218   96   0    0   -62.64  26.05   950.9   95.7
 2005080218  102   0    0   -63.14  26.56   952.2   96.0
 2005080218  108   0    0   -63.63  27.03   951.3  100.1
 2005080218  114   0    0   -64.05  27.66   950.0  101.4
 2005080218  120   0    0   -64.67  28.45   950.7   98.5
