 2005080206    0   0    0   -44.80  17.16   990.9   42.4
 2005080206    6   0    0   -45.85  17.34   997.2   54.9
 2005080206   12   0    0   -47.01  17.58   994.6   54.8
 2005080206   18   0    0   -47.78  17.60   987.9   59.2
 2005080206   24   0    0   -48.94  17.74   983.2   68.8
 2005080206   30   0    0   -49.97  17.99   975.5   73.2
 2005080206   36   0    0   -51.10  18.32   965.1   90.7
 2005080206   42   0    0   -52.21  18.64   954.9  100.9
 2005080206   48   0    0   -53.45  18.92   953.1   97.6
 2005080206   54   0    0   -54.52  19.29   954.9   95.0
 2005080206   60   0    0   -55.80  19.88   956.6   94.7
 2005080206   66   0    0   -57.02  20.46   955.7   94.7
 2005080206   72   0    0   -58.26  20.89   955.1   98.7
 2005080206   78   0    0   -59.42  21.46   954.6  100.7
 2005080206   84   0    0   -60.43  22.11   952.5   98.1
 2005080206   90   0    0   -61.37  22.66   951.1  100.6
 2005080206   96   0    0   -62.28  23.16   948.6  106.3
 2005080206  102   0    0   -62.91  23.75   947.8   98.4
 2005080206  108   0    0   -63.42  24.32   946.9  101.3
 2005080206  114   0    0   -63.78  24.87   949.0   97.1
 2005080206  120   0    0   -64.23  25.41   950.2   95.6
