 2005080406    0   0    0   -52.12  20.18   946.5   90.9
 2005080406    6   0    0   -53.55  21.01   970.0   86.7
 2005080406   12   0    0   -55.03  21.42   968.4   84.4
 2005080406   18   0    0   -56.49  22.00   969.7   85.6
 2005080406   24   0    0   -57.88  22.48   969.0   84.6
 2005080406   30   0    0   -59.18  23.21   967.1   88.4
 2005080406   36   0    0   -60.44  23.93   966.9   90.8
 2005080406   42   0    0   -61.53  24.57   964.3   89.5
 2005080406   48   0    0   -62.49  25.34   963.3   92.9
 2005080406   54   0    0   -63.32  26.19   960.9   98.2
 2005080406   60   0    0   -63.92  26.95   962.6   90.8
 2005080406   66   0    0   -64.18  27.73   961.6   87.4
 2005080406   72   0    0   -64.60  28.53   965.4   81.0
 2005080406   78   0    0   -64.99  29.32   965.7   83.1
 2005080406   84   0    0   -65.38  30.38   966.7   78.6
 2005080406   90   0    0   -65.67  31.40   966.6   76.9
 2005080406   96   0    0   -65.84  32.42   968.5   77.8
 2005080406  102   0    0   -66.15  33.45   969.2   75.2
 2005080406  108   0    0   -66.32  34.46   972.6   78.1
 2005080406  114   0    1   -65.06  35.51   977.8   64.8
 2005080406  120   0    1   -63.78  36.10   986.8   44.2
