 2005080200    0   0    0   -44.06  16.95  1001.5   39.0
 2005080200    6   0    0   -44.69  16.83   999.1   47.1
 2005080200   12   0    0   -45.50  17.16   995.6   45.7
 2005080200   18   0    0   -46.13  17.75   995.9   44.4
 2005080200   24   0    0   -46.79  18.45   994.0   47.0
 2005080200   30   0    0   -47.85  19.05   990.7   53.8
 2005080200   36   0    0   -48.79  19.68   983.1   65.0
 2005080200   42   0    0   -49.94  20.22   979.5   65.9
 2005080200   48   0    0   -50.92  20.83   973.7   71.9
 2005080200   54   0    0   -52.05  21.45   970.0   75.1
 2005080200   60   0    0   -53.30  22.11   967.1   90.6
 2005080200   66   0    0   -54.62  22.73   964.5   82.8
 2005080200   72   0    0   -55.53  23.33   964.0   95.7
 2005080200   78   0    0   -56.80  23.95   960.3  101.5
 2005080200   84   0    0   -57.76  24.68   957.6   96.9
 2005080200   90   0    0   -58.88  25.36   956.4   96.8
 2005080200   96   0    0   -59.76  26.17   954.3  100.4
 2005080200  102   0    0   -60.57  26.90   951.7  100.8
 2005080200  108   0    0   -61.20  27.77   950.2  103.0
 2005080200  114   0    0   -61.56  28.68   949.9  106.1
 2005080200  120   0    0   -61.77  29.73   949.9   93.7
