 2005080418    0   0    0   -54.55  20.90   999.2   42.9
 2005080418    6   0    0   -55.68  21.48   998.7   50.5
 2005080418   12   0    0   -57.14  22.20   992.5   55.1
 2005080418   18   0    0   -58.54  22.72   988.7   71.0
 2005080418   24   0    0   -59.71  23.41   980.9   77.3
 2005080418   30   0    0   -60.82  23.89   974.8   79.6
 2005080418   36   0    0   -61.83  24.50   969.8   85.8
 2005080418   42   0    0   -62.61  25.08   964.7   92.4
 2005080418   48   0    0   -63.23  25.61   962.7   92.2
 2005080418   54   0    0   -63.59  26.12   962.3   98.2
 2005080418   60   0    0   -63.92  26.72   959.0   94.0
 2005080418   66   0    0   -64.30  27.44   956.6  100.2
 2005080418   72   0    0   -64.67  28.18   955.0   94.5
 2005080418   78   0    0   -64.90  29.10   954.0  100.0
 2005080418   84   0    0   -65.22  30.09   954.6   96.7
 2005080418   90   0    0   -65.26  31.06   957.7   90.7
 2005080418   96   0    0   -65.12  32.21   957.9  102.9
 2005080418  102   0    0   -64.51  33.35   962.0   82.6
 2005080418  108   0    1   -63.31  34.96   964.7   84.4
 2005080418  114   0    1   -62.00  36.06   976.9   41.2
 2005080418  120   0    1   -62.04  36.12  1000.1   33.2
