 2005080418    0   0    0   -54.78  20.93   945.2  110.7
 2005080418    6   0    0   -55.63  21.56   972.8   73.0
 2005080418   12   0    0   -56.80  22.19   973.3   74.9
 2005080418   18   0    0   -57.84  22.91   971.6   80.3
 2005080418   24   0    0   -58.92  23.77   967.8   92.2
 2005080418   30   0    0   -59.99  24.46   964.5   96.1
 2005080418   36   0    0   -61.00  25.04   961.4   93.3
 2005080418   42   0    0   -61.73  25.68   959.8   96.6
 2005080418   48   0    0   -62.30  26.38   957.5   95.1
 2005080418   54   0    0   -62.66  26.98   954.2   96.0
 2005080418   60   0    0   -63.22  27.68   954.8   93.1
 2005080418   66   0    0   -63.54  28.42   955.1   96.6
 2005080418   72   0    0   -63.95  29.25   956.4   99.2
 2005080418   78   0    0   -64.19  30.11   956.5   93.4
 2005080418   84   0    0   -64.45  31.17   957.3   91.2
 2005080418   90   0    0   -64.58  32.24   959.4   85.1
 2005080418   96   0    0   -64.50  33.39   962.6   84.3
 2005080418  102   0    0   -63.94  34.56   966.8   79.0
 2005080418  108   0    1   -63.31  35.85   969.3   42.4
 2005080418  114   0    1   -62.07  36.13   983.6   56.0
 2005080418  120   0    1   -61.81  36.14  1001.1   34.8
