 2005080418    0   0    0   -54.78  20.93   945.2  110.7
 2005080418    6   0    0   -55.45  21.46   971.8   72.7
 2005080418   12   0    0   -56.60  22.10   973.3   73.2
 2005080418   18   0    0   -57.69  22.80   972.4   79.5
 2005080418   24   0    0   -58.78  23.59   969.1   90.6
 2005080418   30   0    0   -59.80  24.38   965.0   94.5
 2005080418   36   0    0   -60.84  24.97   962.8   91.5
 2005080418   42   0    0   -61.55  25.61   960.0   94.8
 2005080418   48   0    0   -62.20  26.30   958.0   93.7
 2005080418   54   0    0   -62.58  26.97   954.5   94.6
 2005080418   60   0    0   -63.12  27.61   954.8   91.6
 2005080418   66   0    0   -63.50  28.26   955.4   95.2
 2005080418   72   0    0   -63.94  29.10   956.5   94.2
 2005080418   78   0    0   -64.18  30.01   956.5   92.2
 2005080418   84   0    0   -64.42  30.99   958.0   90.4
 2005080418   90   0    0   -64.57  32.09   958.3   84.6
 2005080418   96   0    0   -64.57  33.16   962.7   83.4
 2005080418  102   0    0   -64.06  34.32   965.9   78.5
 2005080418  108   0    1   -63.40  35.74   970.4   72.9
 2005080418  114   0    1   -62.45  36.34   976.2   49.0
 2005080418  120   0    1   -61.05  36.30   996.6   41.0
