 2005080212    0   0    0   -45.48  17.28   995.6   47.7
 2005080212    6   0    0   -46.18  17.81   992.7   46.8
 2005080212   12   0    0   -47.17  18.27   989.9   47.9
 2005080212   18   0    0   -48.00  18.49   989.7   53.2
 2005080212   24   0    0   -48.74  19.25   984.5   66.0
 2005080212   30   0    0   -49.85  19.94   981.0   68.0
 2005080212   36   0    0   -50.90  20.51   978.9   68.2
 2005080212   42   0    0   -52.07  21.16   976.2   75.9
 2005080212   48   0    0   -53.30  21.89   971.7   77.5
 2005080212   54   0    0   -54.60  22.65   971.7   86.3
 2005080212   60   0    0   -55.80  23.27   970.6   83.4
 2005080212   66   0    0   -57.07  23.95   968.0   87.1
 2005080212   72   0    0   -58.30  24.54   964.1   96.7
 2005080212   78   0    0   -59.45  25.21   960.5   93.9
 2005080212   84   0    0   -60.32  25.89   959.0   97.0
 2005080212   90   0    0   -61.19  26.53   957.9   96.5
 2005080212   96   0    0   -61.84  27.34   958.0   92.0
 2005080212  102   0    0   -62.30  28.24   958.3   91.7
 2005080212  108   0    0   -62.41  29.09   959.0   89.5
 2005080212  114   0    0   -62.65  30.07   959.4   84.1
 2005080212  120   0    0   -62.83  30.94   960.7   85.1
