 2005080212    0   0    0   -45.49  17.28   995.6   47.7
 2005080212    6   0    0   -46.37  17.91   992.5   47.3
 2005080212   12   0    0   -47.36  18.30   990.0   48.6
 2005080212   18   0    0   -48.11  18.57   988.8   57.2
 2005080212   24   0    0   -48.95  19.40   984.4   68.6
 2005080212   30   0    0   -50.06  20.08   980.0   71.1
 2005080212   36   0    0   -51.06  20.62   978.6   70.2
 2005080212   42   0    0   -52.30  21.30   974.6   77.3
 2005080212   48   0    0   -53.56  22.03   972.3   79.9
 2005080212   54   0    0   -54.85  22.76   970.7   88.6
 2005080212   60   0    0   -56.03  23.34   970.7   85.5
 2005080212   66   0    0   -57.31  24.02   966.9   89.0
 2005080212   72   0    0   -58.51  24.66   963.2   99.8
 2005080212   78   0    0   -59.65  25.35   960.4   95.3
 2005080212   84   0    0   -60.46  26.04   958.8   99.1
 2005080212   90   0    0   -61.30  26.73   957.1   97.3
 2005080212   96   0    0   -61.94  27.47   957.8   93.7
 2005080212  102   0    0   -62.37  28.38   957.5   92.7
 2005080212  108   0    0   -62.41  29.24   959.0   93.0
 2005080212  114   0    0   -62.71  30.17   958.8   84.6
 2005080212  120   0    0   -62.84  31.07   961.1   87.0
