 2005080500    0   0    0   -56.06  21.74   985.7   51.6
 2005080500    6   0    0   -57.29  22.22   980.6   67.2
 2005080500   12   0    0   -58.63  22.85   977.6   74.6
 2005080500   18   0    0   -59.86  23.47   969.8   86.9
 2005080500   24   0    0   -60.97  23.95   958.6   98.0
 2005080500   30   0    0   -61.99  24.43   952.3   95.2
 2005080500   36   0    0   -62.81  24.88   947.8  109.1
 2005080500   42   0    0   -63.41  25.43   942.8  109.6
 2005080500   48   0    0   -63.93  25.86   938.2  112.7
 2005080500   54   0    0   -64.55  26.27   936.4  111.7
 2005080500   60   0    0   -64.96  26.86   937.1  111.3
 2005080500   66   0    0   -65.42  27.58   936.2  110.0
 2005080500   72   0    0   -65.69  28.35   936.6  106.5
 2005080500   78   0    0   -66.01  29.16   938.9  105.9
 2005080500   84   0    0   -65.99  30.12   943.7  100.1
 2005080500   90   0    0   -65.84  31.23   947.3   91.8
 2005080500   96   0    0   -65.35  32.34   952.6   98.0
 2005080500  102   0    0   -64.40  33.37   956.1   88.7
 2005080500  108   0    1   -62.91  34.66   962.8   89.7
 2005080500  114   0    1   -61.43  35.94   978.6   56.2
 2005080500  120   0    1   -61.77  36.20  1004.6   29.2
