 2005080206    0   0    0   -44.35  17.13   995.7   43.8
 2005080206    6   0    0   -45.29  17.57  1000.1   38.0
 2005080206   12   0    0   -46.20  18.03   998.0   49.3
 2005080206   18   0    0   -47.17  18.31   997.6   50.5
 2005080206   24   0    0   -48.25  18.89   993.3   61.1
 2005080206   30   0    0   -49.40  19.29   989.5   60.7
 2005080206   36   0    0   -50.54  19.76   985.0   64.2
 2005080206   42   0    0   -51.70  20.26   981.3   70.3
 2005080206   48   0    0   -52.87  20.78   975.7   71.8
 2005080206   54   0    0   -54.18  21.43   972.8   78.9
 2005080206   60   0    0   -55.50  22.14   968.3   91.5
 2005080206   66   0    0   -56.77  22.79   963.3   98.8
 2005080206   72   0    0   -58.05  23.26   961.8   94.6
 2005080206   78   0    0   -58.99  24.00   958.9   96.3
 2005080206   84   0    0   -60.24  24.73   957.5   97.2
 2005080206   90   0    0   -61.12  25.37   956.7   96.4
 2005080206   96   0    0   -62.02  25.99   954.4   99.0
 2005080206  102   0    0   -62.65  26.65   954.8   96.8
 2005080206  108   0    0   -63.04  27.36   954.1  100.5
 2005080206  114   0    0   -63.28  28.15   954.1   95.2
 2005080206  120   0    0   -63.55  28.95   954.5   95.9
