 2005080300    0   0    0   -47.36  18.40   989.9   47.8
 2005080300    6   0    0   -48.04  18.60   984.9   52.4
 2005080300   12   0    0   -48.97  19.11   983.5   62.4
 2005080300   18   0    0   -50.10  19.71   974.6   83.1
 2005080300   24   0    0   -51.13  20.29   970.2   83.9
 2005080300   30   0    0   -52.41  20.91   962.4   97.2
 2005080300   36   0    0   -53.77  21.52   960.2   98.1
 2005080300   42   0    0   -55.07  22.32   957.8  101.2
 2005080300   48   0    0   -56.47  23.02   960.6   99.6
 2005080300   54   0    0   -57.86  23.56   959.9   92.2
 2005080300   60   0    0   -59.13  24.16   959.1  105.2
 2005080300   66   0    0   -60.21  24.87   957.6  101.3
 2005080300   72   0    0   -61.25  25.49   957.5   95.2
 2005080300   78   0    0   -62.14  26.22   955.7   98.1
 2005080300   84   0    0   -62.83  26.87   955.6   93.6
 2005080300   90   0    0   -63.18  27.61   954.1   96.5
 2005080300   96   0    0   -63.36  28.34   954.9   91.2
 2005080300  102   0    0   -63.51  29.16   955.5   92.5
 2005080300  108   0    0   -63.72  30.13   956.3   92.1
 2005080300  114   0    0   -64.01  31.20   959.2   85.5
 2005080300  120   0    0   -64.33  32.32   962.0   81.0
