 2005080412    0   0    0   -53.20  20.54   951.0   92.1
 2005080412    6   0    0   -54.71  21.20   972.6   82.1
 2005080412   12   0    0   -55.91  21.63   972.0   84.8
 2005080412   18   0    0   -57.10  22.33   967.9   86.0
 2005080412   24   0    0   -58.35  23.05   961.9   94.2
 2005080412   30   0    0   -59.55  23.74   957.1  100.5
 2005080412   36   0    0   -60.56  24.56   952.6  104.1
 2005080412   42   0    0   -61.62  25.31   953.7  102.1
 2005080412   48   0    0   -62.43  26.18   955.2   93.9
 2005080412   54   0    0   -63.12  26.97   956.1   97.1
 2005080412   60   0    0   -63.45  27.73   956.1   92.9
 2005080412   66   0    0   -63.84  28.51   958.1   94.5
 2005080412   72   0    0   -64.09  29.37   960.5   92.0
 2005080412   78   0    0   -64.36  30.31   960.2   88.1
 2005080412   84   0    0   -64.39  31.40   961.2   91.0
 2005080412   90   0    0   -64.74  32.58   962.4   85.7
 2005080412   96   0    0   -65.04  33.83   964.9   81.9
 2005080412  102   0    1   -65.64  34.98   969.5   83.5
 2005080412  108   0    1   -65.27  35.84   979.6   66.6
 2005080412  114   0    1   -64.29  36.06   988.3   43.8
 2005080412  120   0    1   -62.76  36.21   992.0   44.1
