 2005080306    0   0    0   -48.05  18.50  1002.7   29.9
 2005080306    6   0    0   -48.81  18.70  1004.5   33.6
 2005080306   12   0    0   -49.78  18.66  1003.9   39.4
 2005080306   18   0    0   -50.90  19.13  1002.6   42.2
 2005080306   24   0    0   -51.93  19.64   999.8   46.5
 2005080306   30   0    0   -53.23  20.35   997.1   53.7
 2005080306   36   0    0   -54.69  21.14   992.3   58.3
 2005080306   42   0    0   -55.93  21.69   986.5   60.1
 2005080306   48   0    0   -57.26  22.45   979.2   77.6
 2005080306   54   0    0   -58.74  22.87   974.6   80.9
 2005080306   60   0    0   -59.94  23.60   969.0   86.0
 2005080306   66   0    0   -60.96  24.10   967.0   85.4
 2005080306   72   0    0   -61.80  24.62   965.8   88.4
 2005080306   78   0    0   -62.49  25.34   961.4   91.7
 2005080306   84   0    0   -63.13  26.02   959.6   92.2
 2005080306   90   0    0   -63.58  26.70   956.8   93.5
 2005080306   96   0    0   -64.02  27.39   956.9   92.1
 2005080306  102   0    0   -64.42  28.15   955.6   93.7
 2005080306  108   0    0   -64.86  29.14   955.6   90.5
 2005080306  114   0    0   -65.16  30.17   956.7   94.8
 2005080306  120   0    0   -65.55  31.40   959.9   84.1
