 2005080306    0   0    0   -48.05  18.50  1002.7   29.9
 2005080306    6   0    0   -49.21  18.57  1004.8   37.0
 2005080306   12   0    0   -50.01  18.90  1003.2   41.1
 2005080306   18   0    0   -51.03  19.15  1002.2   43.8
 2005080306   24   0    0   -52.19  19.73   998.2   51.4
 2005080306   30   0    0   -53.44  20.52   997.2   56.8
 2005080306   36   0    0   -54.96  21.24   991.0   62.3
 2005080306   42   0    0   -56.09  21.79   986.3   63.8
 2005080306   48   0    0   -57.68  22.57   977.5   81.0
 2005080306   54   0    0   -58.90  22.97   973.7   82.3
 2005080306   60   0    0   -60.15  23.65   967.9   87.5
 2005080306   66   0    0   -61.10  24.13   966.9   86.3
 2005080306   72   0    0   -61.94  24.69   965.2   89.3
 2005080306   78   0    0   -62.64  25.41   960.5   96.5
 2005080306   84   0    0   -63.29  26.13   958.2   94.9
 2005080306   90   0    0   -63.64  26.78   957.0   94.6
 2005080306   96   0    0   -64.14  27.52   955.4   93.6
 2005080306  102   0    0   -64.51  28.31   955.3   94.9
 2005080306  108   0    0   -64.94  29.31   954.8   92.8
 2005080306  114   0    0   -65.19  30.42   957.4   96.0
 2005080306  120   0    0   -65.59  31.60   959.5   84.8
