 2005080106    0   0    0   -41.28  16.02  1005.2   30.9
 2005080106    6   0    0   -42.43  15.66  1005.9   42.8
 2005080106   12   0    0   -43.55  15.84  1002.8   39.1
 2005080106   18   0    0   -43.63  16.22  1002.8   37.8
 2005080106   24   0    0   -44.38  16.86  1002.3   36.9
 2005080106   30   0    0   -45.22  17.16  1001.6   37.5
 2005080106   36   0    0   -45.94  17.75  1000.6   38.3
 2005080106   42   0    0   -46.77  18.22   999.5   44.9
 2005080106   48   0    0   -47.86  18.69   997.4   40.5
 2005080106   54   0    0   -48.83  19.07   996.3   41.0
 2005080106   60   0    0   -49.86  19.66   994.9   41.6
 2005080106   66   0    0   -50.76  20.37   992.8   45.9
 2005080106   72   0    0   -51.86  20.93   990.9   47.9
 2005080106   78   0    0   -53.21  21.65   989.2   53.5
 2005080106   84   0    0   -54.43  22.47   986.0   66.0
 2005080106   90   0    0   -55.69  23.28   981.4   62.3
 2005080106   96   0    0   -57.17  24.00   978.1   64.0
 2005080106  102   0    0   -58.45  24.59   974.6   72.1
 2005080106  108   0    0   -59.51  25.33   967.9   77.9
 2005080106  114   0    0   -60.40  26.07   962.7   78.4
 2005080106  120   0    0   -61.25  26.77   959.7   82.4
