 2005080106    0   0    0   -40.70  16.24  1003.1   30.5
 2005080106    6   0    0   -41.64  15.91  1005.2   42.2
 2005080106   12   0    0   -42.41  16.34  1003.4   40.1
 2005080106   18   0    1   -43.19  16.83  1004.5   39.1
 2005080106   24   0    1   -44.05  17.24  1001.7   30.2
 2005080106   30   0    1   -44.19  17.34  1006.2   32.4
 2005080106   36   0    1   -44.27  17.52  1007.3   25.7
 2005080106   42   0    1   -44.30  17.57  1010.8   21.9
 2005080106   48   0    1   -44.28  17.35  1010.4   19.2
 2005080106   54   0    1   -44.32  17.14  1013.2   16.4
 2005080106   60   0    1   -44.36  16.55  1012.8   12.8
 2005080106   66   0    1   -44.35  16.77  1015.2   12.6
 2005080106   72   0    1   -44.46  12.74  1013.6    2.8
 2005080106   78   0    1   -44.49  12.73  1016.0    7.4
 2005080106   84   0    1   -38.38  12.48  1013.5   13.7
 2005080106   90   0    1   -41.63  12.61  1016.0   16.4
 2005080106   96   0    1   -42.35  12.59  1013.7   16.7
 2005080106  102   0    1   -43.75  12.75  1014.9   17.2
 2005080106  108   0    1   -44.52  12.73  1012.6   16.4
 2005080106  114   0    1   -44.52  12.73  1014.7   14.4
 2005080106  120   0    1   -37.84  12.57  1011.7    8.6
