 2005080212    0   0    0   -44.55  18.13  1005.4   30.6
 2005080212    6   0    0   -45.23  18.62  1006.6   25.7
 2005080212   12   0    0   -46.81  18.61  1005.5   26.6
 2005080212   18   0    0   -47.90  18.65  1004.9   28.9
 2005080212   24   0    0   -48.72  18.85  1002.8   30.9
 2005080212   30   0    0   -49.90  19.40  1002.0   40.7
 2005080212   36   0    0   -51.05  19.89   999.5   41.7
 2005080212   42   0    0   -52.24  20.30   995.5   50.2
 2005080212   48   0    0   -53.47  20.83   991.4   58.2
 2005080212   54   0    0   -54.77  21.58   986.2   66.8
 2005080212   60   0    0   -56.11  22.16   978.9   77.2
 2005080212   66   0    0   -57.39  22.63   972.5   79.3
 2005080212   72   0    0   -58.58  23.23   966.6   91.3
 2005080212   78   0    0   -59.78  23.79   962.1   95.0
 2005080212   84   0    0   -60.65  24.35   957.7   95.0
 2005080212   90   0    0   -61.60  25.01   956.9   92.5
 2005080212   96   0    0   -62.31  25.71   953.5   94.8
 2005080212  102   0    0   -62.93  26.37   950.2  101.3
 2005080212  108   0    0   -63.36  27.16   948.8  102.7
 2005080212  114   0    0   -63.77  27.82   946.6  100.0
 2005080212  120   0    0   -64.07  28.53   947.5   97.6
