 2005080318    0   0    0   -49.75  19.01  1001.6   34.0
 2005080318    6   0    0   -50.57  19.29  1001.6   36.3
 2005080318   12   0    0   -51.77  19.65   999.3   41.5
 2005080318   18   0    0   -52.79  20.13   995.6   54.9
 2005080318   24   0    0   -54.07  20.90   990.5   59.6
 2005080318   30   0    0   -55.30  21.66   983.7   71.5
 2005080318   36   0    0   -56.69  22.21   979.6   73.6
 2005080318   42   0    0   -58.01  22.83   973.0   87.0
 2005080318   48   0    0   -59.20  23.54   968.6   84.7
 2005080318   54   0    0   -60.13  24.11   964.6   95.7
 2005080318   60   0    0   -61.03  24.64   960.2   95.9
 2005080318   66   0    0   -61.79  25.19   958.5   92.6
 2005080318   72   0    0   -62.51  25.87   958.8   90.7
 2005080318   78   0    0   -62.82  26.43   955.7   92.7
 2005080318   84   0    0   -63.30  27.04   956.8   91.4
 2005080318   90   0    0   -63.71  27.66   957.9   94.5
 2005080318   96   0    0   -64.08  28.35   958.3   95.0
 2005080318  102   0    0   -64.48  29.31   959.2   89.0
 2005080318  108   0    0   -64.92  30.18   962.9   89.7
 2005080318  114   0    0   -65.13  31.30   965.2   84.4
 2005080318  120   0    0   -65.22  32.57   966.6   79.1
