 2005080212    0   0    0   -44.79  17.62   994.9   51.2
 2005080212    6   0    0   -45.54  17.96   998.5   50.3
 2005080212   12   0    0   -46.57  18.35   995.6   59.4
 2005080212   18   0    0   -47.93  18.85   992.4   53.7
 2005080212   24   0    0   -49.25  19.02   990.1   50.9
 2005080212   30   0    0   -50.16  19.61   987.1   60.5
 2005080212   36   0    0   -51.31  20.15   982.3   63.5
 2005080212   42   0    0   -52.54  20.57   978.0   72.0
 2005080212   48   0    0   -53.84  21.22   971.6   84.1
 2005080212   54   0    0   -55.25  21.86   965.2   95.1
 2005080212   60   0    0   -56.45  22.47   961.3   95.4
 2005080212   66   0    0   -57.67  23.06   960.9   91.6
 2005080212   72   0    0   -58.92  23.80   959.3   92.0
 2005080212   78   0    0   -60.13  24.52   958.2   94.7
 2005080212   84   0    0   -61.12  25.23   957.0   97.4
 2005080212   90   0    0   -61.96  25.95   957.6   94.3
 2005080212   96   0    0   -62.61  26.78   957.0   95.9
 2005080212  102   0    0   -63.10  27.67   956.8   93.5
 2005080212  108   0    0   -63.35  28.61   954.6   95.4
 2005080212  114   0    0   -63.59  29.58   957.5   90.6
 2005080212  120   0    0   -63.88  30.58   958.3   88.7
