 2005080212    0   0    0   -44.80  17.62   994.9   51.2
 2005080212    6   0    0   -45.72  18.08   997.9   52.7
 2005080212   12   0    0   -46.72  18.45   995.2   64.6
 2005080212   18   0    0   -48.16  18.91   991.2   57.0
 2005080212   24   0    0   -49.37  19.03   991.1   52.0
 2005080212   30   0    0   -50.36  19.72   985.1   62.4
 2005080212   36   0    0   -51.53  20.20   982.3   65.8
 2005080212   42   0    0   -52.74  20.68   976.4   74.0
 2005080212   48   0    0   -54.15  21.33   970.0   86.5
 2005080212   54   0    0   -55.46  22.01   963.7   96.1
 2005080212   60   0    0   -56.63  22.54   961.0   98.5
 2005080212   66   0    0   -57.89  23.22   960.6   94.2
 2005080212   72   0    0   -59.16  23.88   958.8   94.4
 2005080212   78   0    0   -60.28  24.65   958.0   96.9
 2005080212   84   0    0   -61.18  25.35   956.9  100.1
 2005080212   90   0    0   -62.05  26.06   956.7   95.8
 2005080212   96   0    0   -62.62  26.86   956.1   99.6
 2005080212  102   0    0   -63.11  27.84   955.9   95.1
 2005080212  108   0    0   -63.35  28.76   955.0   96.8
 2005080212  114   0    0   -63.63  29.76   957.5   91.4
 2005080212  120   0    0   -63.96  30.72   958.0   91.0
