 2005080300    0   0    0   -46.94  18.48  1004.6   32.0
 2005080300    6   0    0   -47.51  18.71  1005.1   25.7
 2005080300   12   0    0   -48.82  18.60  1003.7   31.0
 2005080300   18   0    0   -49.52  19.06  1004.0   37.3
 2005080300   24   0    0   -50.86  19.67  1002.1   38.6
 2005080300   30   0    0   -51.96  20.13   999.5   43.8
 2005080300   36   0    0   -53.38  20.73   996.0   50.0
 2005080300   42   0    0   -54.73  21.46   990.8   58.0
 2005080300   48   0    0   -56.09  22.03   983.4   76.3
 2005080300   54   0    0   -57.46  22.63   974.6   80.8
 2005080300   60   0    0   -58.73  23.22   966.7   88.8
 2005080300   66   0    0   -59.94  23.89   961.2   93.8
 2005080300   72   0    0   -60.94  24.40   957.1   97.8
 2005080300   78   0    0   -61.82  25.07   955.1   98.0
 2005080300   84   0    0   -62.65  25.64   952.8   96.4
 2005080300   90   0    0   -63.21  26.34   951.2  102.0
 2005080300   96   0    0   -63.57  27.08   948.6  100.8
 2005080300  102   0    0   -63.97  27.71   947.8  101.0
 2005080300  108   0    0   -64.27  28.47   947.5  103.3
 2005080300  114   0    0   -64.54  29.44   946.7  104.3
 2005080300  120   0    0   -64.71  30.53   948.2  100.0
